 Sample   Time     Commanded 1 Pos   Commanded 2 Pos  Encoder 1 Pos   Encoder 2 Pos   Encoder 3 Pos   Encoder 4 Pos   Control Effort 1  Control Effort 2

     0    0.000               0               0               0              -1               0               0          0.0000          0.0549;
     1    0.018             200               0             -10               0               0               0        -10.0021         -0.1975;
     2    0.035             200               0             -20               1               8               0        -10.0021         -0.0797;
     3    0.053             200               0             -36               1              24               0        -10.0021         -0.1438;
     4    0.071             200               0             -60               1              46               0         -8.2237         -0.1044;
     5    0.089             200               0             -92               1              75               0         -5.9991         -0.1047;
     6    0.106             200               0            -129               1             108               0         -3.1600         -0.1047;
     7    0.124             200               0            -170               1             147               0         -0.4683         -0.1050;
     8    0.142             200               0            -211               0             185               0          2.0302         -0.0803;
     9    0.159             200               0            -246               0             220               0          4.2161         -0.0803;
    10    0.177             200               0            -275              -1             249               0          5.4710         -0.0357;
    11    0.195             200               0            -298              -2             271               0          6.2564          0.0000;
    12    0.213             200               0            -314              -3             284               0          6.3993         -0.0174;
    13    0.230             200               0            -321              -4             290               0          6.1716          0.0082;
    14    0.248             200               0            -320              -3             289               0          5.8007         -0.2231;
    15    0.266             200               0            -311              -3             278               0          4.2326          0.0885;
    16    0.283             200               0            -295              -3             262               0          2.7918          0.0885;
    17    0.301             200               0            -275              -2             241               0          1.1880         -0.1636;
    18    0.319             200               0            -253              -2             219               0         -0.6255         -0.0458;
    19    0.336             200               0            -231              -1             197               0         -1.8443         -0.1297;
    20    0.354             200               0            -212              -1             177               0         -3.1175         -0.0885;
    21    0.372             200               0            -202              -0             161               0         -3.8043         -0.1081;
    22    0.390             200               0            -192               0             150               0         -4.1105         -0.1126;
    23    0.407             200               0            -188               0             144               0         -4.1868         -0.0870;
    24    0.425             200               0            -190               0             143               0         -3.8260         -0.0870;
    25    0.443             200               0            -196               0             147               0         -3.2882         -0.0873;
    26    0.460             200               0            -207               0             155               0         -2.3449         -0.0873;
    27    0.478             200               0            -220               0             165               0         -1.3233         -0.0873;
    28    0.496             200               0            -235               0             177               0         -0.5174         -0.0873;
    29    0.514             200               0            -250              -1             189               0          0.2381          0.0553;
    30    0.531             200               0            -264              -1             200               0          0.7900         -0.0629;
    31    0.549             200               0            -277              -1             209               0          1.3400         -0.0626;
    32    0.567             200               0            -286              -1             215               0          1.5034         -0.0626;
    33    0.584             200               0            -293              -1             219               0          1.7146         -0.0626;
    34    0.602             200               0            -298              -1             220               0          1.3358         -0.0626;
    35    0.620             200               0            -299              -2             220               0          1.2875         -0.0449;
    36    0.638             200               0            -298              -2             216               0          0.6023         -0.0424;
    37    0.655             200               0            -295              -1             210               0          0.2213         -0.0623;
    38    0.673             200               0            -291              -1             204               0         -0.2662         -0.0623;
    39    0.691             200               0            -288              -1             197               0         -0.5806         -0.0623;
    40    0.708             200               0            -285              -1             192               0         -1.1105         -0.0623;
    41    0.726             200               0            -284              -1             187               0         -1.1587         -0.0623;
    42    0.744             200               0            -284              -0             184               0         -1.2372         -0.1337;
    43    0.761             200               0            -285              -0             182               0         -1.3016         -0.0858;
    44    0.779             200               0            -289               0             182               0         -1.1606          0.0336;
    45    0.797             200               0            -293              -1             182               0         -1.1606         -0.0623;
    46    0.815             200               0            -299               0             184               0         -1.1606         -0.1969;
    47    0.832             200               0            -305              -1             187               0         -0.5559          0.0556;
    48    0.850             200               0            -312              -1             189               0         -0.5821          0.0556;
    49    0.868             200               0            -318              -1             191               0         -0.2982         -0.0623;
    50    0.885             200               0            -325              -1             194               0         -0.3083         -0.0623;
    51    0.903             200               0            -330              -1             195               0         -0.1310         -0.0623;
    52    0.921             200               0            -335              -1             196               0         -0.1712         -0.0620;
    53    0.939             200               0            -340              -1             196               0         -0.2598         -0.0620;
    54    0.956             200               0            -343              -1             196               0         -0.2598         -0.0620;
    55    0.974             200               0            -346              -1             196               0         -0.2598         -0.0620;
    56    0.992             200               0            -349              -1             193               0         -0.5803         -0.0620;
    57    1.009               0               0            -342              -1             191               0         10.0021         -0.0620;
    58    1.027               0               0            -339              -1             183               0         10.0021         -0.0620;
    59    1.045               0               0            -327              -2             168               0          9.6725         -0.0488;
    60    1.063               0               0            -308              -3             145               0          7.6474          0.0143;
    61    1.080               0               0            -280              -4             116               0          5.1871         -0.0195;
    62    1.098               0               0            -247              -2              79               0          2.2796         -0.0446;
    63    1.116               0               0            -209              -2              40               0         -0.5211         -0.0446;
    64    1.133               0               0            -173              -2               0               0         -3.0839         -0.0443;
    65    1.151               0               0            -145              -1             -36               0         -5.1893         -0.0717;
    66    1.169               0               0            -119               1             -64               0         -6.3938         -0.1432;
    67    1.186               0               0            -102               2             -86               0         -7.1651         -0.1484;
    68    1.204               0               0             -92               2             -99               0         -7.4652         -0.1490;
    69    1.222               0               0             -91               1            -104               0         -7.2656          0.0781;
    70    1.240               0               0             -98               2            -104               0         -6.7051          0.0226;
    71    1.257               0               0            -113               2             -93               0         -5.3449         -0.2302;
    72    1.275               0               0            -135               2             -77               0         -3.8358         -0.1123;
    73    1.293               0               0            -161               1             -57               0         -2.2155          0.0220;
    74    1.310               0               0            -190               1             -34               0         -0.4142         -0.0958;
    75    1.328               0               0            -220               0             -11               0          1.0867         -0.0034;
    76    1.346               0               0            -247              -1              10               0          2.2631         -0.0513;
    77    1.364               0               0            -271              -1              27               0          3.2222         -0.0189;
    78    1.381               0               0            -284              -2              40               0          3.5140         -0.0540;
    79    1.399               0               0            -298              -2              48               0          3.6914         -0.0540;
    80    1.417               0               0            -305              -2              50               0          3.5623         -0.0540;
    81    1.434               0               0            -308              -2              49               0          3.2216         -0.0406;
    82    1.452               0               0            -304              -2              40               0          1.9884         -0.0375;
    83    1.470               0               0            -298              -2              29               0          1.0916         -0.0333;
    84    1.488               0               0            -290              -1              16               0          0.1426         -0.0620;
    85    1.505               0               0            -282              -1               4               0         -0.6752         -0.0620;
    86    1.523               0               0            -274              -1              -8               0         -1.5134         -0.0620;
    87    1.541               0               0            -269              -0             -19               0         -1.9264         -0.1419;
    88    1.558               0               0            -267              -0             -26               0         -2.2991         -0.0904;
    89    1.576               0               0            -267               0             -31               0         -2.3877         -0.0962;
    90    1.594               0               0            -271               0             -32               0         -2.2567         -0.0962;
    91    1.611               0               0            -277               0             -32               0         -2.0632         -0.0867;
    92    1.629               0               0            -286               0             -29               0         -1.6761          0.1111;
    93    1.647               0               0            -297               0             -24               0         -1.0516         -0.1969;
    94    1.665               0               0            -309               0             -18               0         -0.7454         -0.0788;
    95    1.682               0               0            -321               0             -12               0         -0.1328         -0.0791;
    96    1.700               0               0            -333              -1              -5               0         -0.0079          0.0556;
    97    1.718               0               0            -344              -1              -1               0          0.3788         -0.0623;
    98    1.735               0               0            -353              -1               3               0          0.5400         -0.0623;
    99    1.753               0               0            -361              -1               4               0          0.4130         -0.0620;
   100    1.771               0               0            -367              -1               5               0          0.3507         -0.0620;
   101    1.789               0               0            -372              -1               5               0          0.3202         -0.0620;
   102    1.806               0               0            -376              -1               4               0          0.3202         -0.0620;
   103    1.824               0               0            -378              -1              -0               0         -0.2821         -0.0620;
   104    1.842               0               0            -380              -1              -4               0         -0.5763         -0.0620;
   105    1.859               0               0            -381               0              -8               0         -0.8565         -0.1966;
   106    1.877               0               0            -383              -1             -12               0         -1.0760         -0.1966;
   107    1.895               0               0            -386              -1             -16               0         -1.2836          0.0559;
   108    1.913               0               0            -389              -1             -19               0         -1.4930          0.0559;
   109    1.930               0               0            -394               0             -20               0         -1.3782         -0.1966;
   110    1.948               0               0            -399              -1             -21               0         -1.3620         -0.1966;
   111    1.966               0               0            -406               0             -21               0         -1.3962         -0.0788;
   112    1.983               0               0            -413               0             -21               0         -1.3538          0.0559;
