 Sample   Time     Commanded 1 Pos   Commanded 2 Pos  Encoder 1 Pos   Encoder 2 Pos   Encoder 3 Pos   Encoder 4 Pos   Control Effort 1  Control Effort 2

     0    0.000               0               0               0               1               0               0          0.0000          0.0000;
     1    0.018             200               0              -1               1               0               0        -10.0021          0.0000;
     2    0.035             200               0              -9               1               7               0        -10.0021          0.0000;
     3    0.053             200               0             -23               2              19               0        -10.0021          0.0000;
     4    0.071             200               0             -44               4              39               0         -7.7063          0.0000;
     5    0.089             200               0             -72               7              64               0         -4.5986          0.0000;
     6    0.106             200               0            -104               9              95               0         -1.1416          0.0000;
     7    0.124             200               0            -137              12             125               0          0.7979          0.0000;
     8    0.142             200               0            -169              14             154               0          1.4399          0.0000;
     9    0.159             200               0            -197              15             180               0          2.0214          0.0000;
    10    0.177             200               0            -221              16             202               0          2.4270          0.0000;
    11    0.195             200               0            -242              17             220               0          1.8715          0.0000;
    12    0.213             200               0            -258              16             235               0          1.8318          0.0000;
    13    0.230             200               0            -271              16             246               0          1.0345          0.0000;
    14    0.248             200               0            -281              16             254               0          1.1978          0.0000;
    15    0.266             200               0            -288              16             259               0          0.4573          0.0000;
    16    0.283             200               0            -293              16             263               0          0.6349          0.0000;
    17    0.301             200               0            -297              16             264               0          0.2216          0.0000;
    18    0.319             200               0            -299              17             265               0          0.4701          0.0000;
    19    0.336             200               0            -299              17             265               0          0.3168          0.0000;
    20    0.354             200               0            -299              17             263               0          0.6554          0.0000;
    21    0.372             200               0            -297              17             260               0         -0.8013          0.0000;
    22    0.390             200               0            -295              17             257               0         -0.3700          0.0000;
    23    0.407             200               0            -294              17             254               0         -0.0079          0.0000;
    24    0.425             200               0            -292              17             251               0          0.0986          0.0000;
    25    0.443             200               0            -290              17             248               0         -0.1719          0.0000;
    26    0.460             200               0            -288              17             244               0         -0.7543          0.0000;
    27    0.478             200               0            -287              17             241               0         -0.5003          0.0000;
    28    0.496             200               0            -285              17             237               0         -0.4414          0.0000;
    29    0.514             200               0            -283              17             233               0          0.0394          0.0000;
    30    0.531             200               0            -281              17             230               0          0.0894          0.0000;
    31    0.549             200               0            -280              17             228               0         -0.0867          0.0000;
    32    0.567             200               0            -279              17             225               0         -0.5336          0.0000;
    33    0.584             200               0            -278              17             221               0         -0.0580          0.0000;
    34    0.602             200               0            -277              17             219               0          0.0510          0.0000;
    35    0.620             200               0            -276              17             217               0         -0.6081          0.0000;
    36    0.638             200               0            -276              17             214               0         -0.0922          0.0000;
    37    0.655             200               0            -275              17             212               0         -0.3196          0.0000;
    38    0.673             200               0            -275              17             210               0          0.0125          0.0000;
    39    0.691             200               0            -275              17             209               0         -0.4591          0.0000;
    40    0.708             200               0            -275              17             207               0         -0.1258          0.0000;
    41    0.726             200               0            -277              17             205               0         -0.5504          0.0000;
    42    0.744             200               0            -277              17             204               0         -0.1203          0.0000;
    43    0.761             200               0            -277              17             202               0         -0.2442          0.0000;
    44    0.779             200               0            -277              17             201               0         -0.6600          0.0000;
    45    0.797             200               0            -278              17             200               0         -0.3718          0.0000;
    46    0.815             200               0            -279              17             199               0         -0.3324          0.0000;
    47    0.832             200               0            -280              17             197               0         -0.6856          0.0000;
    48    0.850             200               0            -282              17             197               0         -0.5488          0.0000;
    49    0.868             200               0            -283              17             197               0         -0.2766          0.0000;
    50    0.885             200               0            -285              17             196               0         -0.4979          0.0000;
    51    0.903             200               0            -286              17             196               0         -0.6053          0.0000;
    52    0.921             200               0            -287              17             195               0         -0.6413          0.0000;
    53    0.939             200               0            -289              17             194               0         -0.8355          0.0000;
    54    0.956             200               0            -291              17             194               0         -0.5665          0.0000;
    55    0.974             200               0            -294              17             194               0         -0.5977          0.0000;
    56    0.992             200               0            -296              17             194               0         -0.6291          0.0000;
    57    1.009             200               0            -298              17             194               0         -0.6603          0.0000;
    58    1.027             200               0            -300              17             194               0         -0.6914          0.0000;
    59    1.045             200               0            -303              17             194               0         -0.7228          0.0000;
    60    1.063             200               0            -306              17             194               0         -0.7540          0.0000;
    61    1.080             200               0            -309              17             194               0         -0.7854          0.0000;
    62    1.098             200               0            -312              17             196               0         -0.8165          0.0000;
    63    1.116             200               0            -316              17             196               0         -0.7433          0.0000;
    64    1.133             200               0            -319              17             196               0         -0.7668          0.0000;
    65    1.151             200               0            -322              17             197               0         -0.4991          0.0000;
    66    1.169             200               0            -325              17             198               0         -0.3538          0.0000;
    67    1.186             200               0            -328              17             198               0         -0.6026          0.0000;
    68    1.204             200               0            -331              17             198               0         -0.6615          0.0000;
    69    1.222             200               0            -334              17             198               0         -0.6719          0.0000;
    70    1.240             200               0            -338              17             198               0         -0.5446          0.0000;
    71    1.257             200               0            -342              17             199               0         -0.5611          0.0000;
    72    1.275             200               0            -345              17             199               0         -0.4426          0.0000;
    73    1.293             200               0            -349              17             200               0         -0.4167          0.0000;
    74    1.310             200               0            -353              17             200               0         -0.5437          0.0000;
    75    1.328             200               0            -356              17             200               0         -0.4631          0.0000;
    76    1.346             200               0            -360              17             201               0         -0.4170          0.0000;
    77    1.364             200               0            -363              17             201               0         -0.3935          0.0000;
    78    1.381             200               0            -367              17             201               0         -0.4209          0.0000;
    79    1.399             200               0            -370              17             201               0         -0.4884          0.0000;
    80    1.417             200               0            -373              17             201               0         -0.4832          0.0000;
    81    1.434             200               0            -376              17             201               0         -0.4783          0.0000;
    82    1.452             200               0            -379              17             200               0         -0.4731          0.0000;
    83    1.470             200               0            -383              17             200               0         -0.5705          0.0000;
    84    1.488             200               0            -387              17             200               0         -0.5733          0.0000;
    85    1.505             200               0            -391              17             200               0         -0.5757          0.0000;
    86    1.523             200               0            -394              17             200               0         -0.5784          0.0000;
    87    1.541             200               0            -398              17             200               0         -0.5809          0.0000;
    88    1.558             200               0            -402              17             200               0         -0.5836          0.0000;
    89    1.576             200               0            -406              17             200               0         -0.5861          0.0000;
    90    1.594             200               0            -410              17             200               0         -0.5888          0.0000;
    91    1.611             200               0            -414              17             200               0         -0.5913          0.0000;
    92    1.629             200               0            -418              17             200               0         -0.5940          0.0000;
    93    1.647             200               0            -422              17             200               0         -0.5965          0.0000;
    94    1.665             200               0            -426              17             200               0         -0.5992          0.0000;
    95    1.682             200               0            -430              17             199               0         -1.0485          0.0000;
    96    1.700             200               0            -434              17             199               0         -0.6975          0.0000;
    97    1.718             200               0            -438              17             199               0         -0.6835          0.0000;
    98    1.735             200               0            -442              17             199               0         -0.7201          0.0000;
    99    1.753             200               0            -447              17             199               0         -0.7070          0.0000;
   100    1.771             200               0            -451              17             199               0         -0.7204          0.0000;
   101    1.789             200               0            -455              17             198               0         -0.7585          0.0000;
   102    1.806             200               0            -460              17             198               0         -0.7466          0.0000;
   103    1.824             200               0            -464              17             198               0         -0.7854          0.0000;
   104    1.842             200               0            -469              17             198               0         -0.7744          0.0000;
   105    1.859             200               0            -473              17             198               0         -0.7900          0.0000;
   106    1.877             200               0            -478              17             198               0         -0.8037          0.0000;
   107    1.895             200               0            -484              17             200               0         -0.8202          0.0000;
   108    1.913             200               0            -489              17             200               0         -0.7018          0.0000;
   109    1.930             200               0            -494              17             200               0         -0.7045          0.0000;
   110    1.948             200               0            -499              17             200               0         -0.7070          0.0000;
   111    1.966             200               0            -505              17             201               0         -0.5085          0.0000;
   112    1.983             200               0            -510              17             201               0         -0.1395          0.0000;
   113    2.001             200               0            -515              17             202               0         -0.3373          0.0000;
   114    2.019               0               0            -516              17             202               0         10.0021          0.0000;
   115    2.036               0               0            -512              16             195               0         10.0021          0.0000;
   116    2.054               0               0            -502              16             181               0          8.9084          0.0000;
   117    2.072               0               0            -483              14             159               0          6.1175          0.0000;
   118    2.090               0               0            -457              14             131               0          2.2424          0.0000;
   119    2.107               0               0            -429              13             100               0         -0.1059          0.0000;
   120    2.125               0               0            -401              15              69               0         -2.0269          0.0000;
   121    2.143               0               0            -376              17              41               0         -2.8196          0.0000;
   122    2.160               0               0            -355              20              17               0         -2.6291          0.0000;
   123    2.178               0               0            -338              23              -4               0         -2.8162          0.0000;
   124    2.196               0               0            -325              26             -20               0         -2.0668          0.0000;
   125    2.214               0               0            -315              30             -33               0         -2.1142          0.0000;
   126    2.231               0               0            -309              33             -43               0         -1.8697          0.0000;
   127    2.249               0               0            -305              37             -51               0         -1.3629          0.0000;
   128    2.267               0               0            -304              40             -56               0         -1.0165          0.0000;
   129    2.284               0               0            -304              44             -59               0         -1.3791          0.0000;
   130    2.302               0               0            -307              47             -61               0         -0.7976          0.0000;
   131    2.320               0               0            -311              51             -63               0         -0.9945          0.0000;
   132    2.338               0               0            -315              54             -63               0         -0.9695          0.0000;
   133    2.355               0               0            -322              57             -63               0         -1.2009          0.0000;
   134    2.373               0               0            -329              61             -60               0         -0.2677          0.0000;
   135    2.391               0               0            -336              63             -57               0         -0.0873          0.0000;
   136    2.408               0               0            -344              66             -54               0         -0.8095          0.0000;
   137    2.426               0               0            -352              68             -51               0         -0.7643          0.0000;
   138    2.444               0               0            -360              70             -48               0         -0.3355          0.0000;
   139    2.461               0               0            -368              72             -44               0         -0.1676          0.0000;
   140    2.479               0               0            -376              73             -41               0         -0.2241          0.0000;
   141    2.497               0               0            -384              74             -37               0         -0.4310          0.0000;
   142    2.515               0               0            -393              75             -34               0         -0.8062          0.0000;
   143    2.532               0               0            -401              75             -31               0         -0.7256          0.0000;
   144    2.550               0               0            -409              75             -28               0         -0.4799          0.0000;
   145    2.568               0               0            -417              75             -25               0         -0.0229          0.0000;
   146    2.585               0               0            -425              75             -22               0         -0.7244          0.0000;
   147    2.603               0               0            -433              75             -20               0         -0.6996          0.0000;
   148    2.621               0               0            -440              75             -17               0         -0.0617          0.0000;
   149    2.639               0               0            -448              75             -15               0         -0.7317          0.0000;
   150    2.656               0               0            -455              75             -13               0         -0.4130          0.0000;
   151    2.674               0               0            -462              75             -12               0         -0.7289          0.0000;
   152    2.692               0               0            -469              75              -9               0         -0.3049          0.0000;
   153    2.709               0               0            -476              75              -8               0         -0.9130          0.0000;
   154    2.727               0               0            -483              75              -7               0         -0.8126          0.0000;
   155    2.745               0               0            -490              75              -5               0         -0.2094          0.0000;
   156    2.763               0               0            -497              75              -4               0         -0.7802          0.0000;
   157    2.780               0               0            -504              75              -3               0         -0.6386          0.0000;
   158    2.798               0               0            -512              75              -1               0          0.0095          0.0000;
   159    2.816               0               0            -518              75              -1               0         -0.5449          0.0000;
   160    2.833               0               0            -525              75              -0               0         -0.3980          0.0000;
   161    2.851               0               0            -532              75               1               0         -0.4863          0.0000;
   162    2.869               0               0            -538              75               2               0         -0.0983          0.0000;
   163    2.886               0               0            -544              75               2               0         -0.4832          0.0000;
   164    2.904               0               0            -550              75               3               0         -0.2854          0.0000;
   165    2.922               0               0            -556              75               3               0         -0.4634          0.0000;
   166    2.940               0               0            -561              75               3               0         -0.4963          0.0000;
   167    2.957               0               0            -567              75               3               0         -0.4811          0.0000;
   168    2.975               0               0            -572              75               2               0         -1.7005          0.0000;
   169    2.993               0               0            -578              75               2               0         -0.5562          0.0000;
   170    3.010               0               0            -584              75               2               0         -0.5482          0.0000;
   171    3.028               0               0            -589              75               2               0         -0.5406          0.0000;
   172    3.046               0               0            -595              75               2               0         -0.5327          0.0000;
   173    3.064               0               0            -601              75               2               0         -0.5250          0.0000;
   174    3.081               0               0            -606              75               1               0         -0.9640          0.0000;
   175    3.099               0               0            -612              75               1               0         -0.6068          0.0000;
   176    3.117               0               0            -617              75               1               0         -0.6395          0.0000;
   177    3.134               0               0            -623              75              -0               0         -0.6230          0.0000;
   178    3.152               0               0            -628              75              -0               0         -0.7448          0.0000;
   179    3.170               0               0            -634              75              -1               0         -0.7677          0.0000;
   180    3.188               0               0            -640              75              -1               0         -0.7921          0.0000;
   181    3.205               0               0            -647              75              -1               0         -0.6825          0.0000;
   182    3.223               0               0            -653              75              -1               0         -0.6877          0.0000;
   183    3.241               0               0            -660              75              -1               0         -0.6929          0.0000;
   184    3.258               0               0            -666              75              -1               0         -0.6981          0.0000;
   185    3.276               0               0            -673              75               1               0          0.5580          0.0000;
   186    3.294               0               0            -680              75               2               0         -0.0220          0.0000;
   187    3.311               0               0            -686              75               2               0         -0.2524          0.0000;
   188    3.329               0               0            -692              75               2               0         -0.4838          0.0000;
   189    3.347               0               0            -697              75               2               0         -0.4737          0.0000;
   190    3.365               0               0            -703              75               2               0         -0.4634          0.0000;
   191    3.382               0               0            -709              75               2               0         -0.4530          0.0000;
   192    3.400               0               0            -715              75               2               0         -0.4429          0.0000;
   193    3.418               0               0            -721              75               2               0         -0.4325          0.0000;
   194    3.435               0               0            -726              75               2               0         -0.4225          0.0000;
   195    3.453               0               0            -732              75               2               0         -0.4121          0.0000;
   196    3.471               0               0            -737              75               1               0         -1.6371          0.0000;
   197    3.489               0               0            -743              75               1               0         -0.4979          0.0000;
   198    3.506               0               0            -748              75               1               0         -0.4951          0.0000;
   199    3.524               0               0            -754              75              -0               0         -0.4927          0.0000;
   200    3.542               0               0            -760              75              -0               0         -0.6606          0.0000;
   201    3.559               0               0            -766              75              -1               0         -0.6545          0.0000;
   202    3.577               0               0            -771              75              -1               0         -0.6764          0.0000;
   203    3.595               0               0            -777              75              -1               0         -0.6972          0.0000;
   204    3.613               0               0            -783              75              -1               0         -0.6059          0.0000;
   205    3.630               0               0            -789              75              -1               0         -0.6111          0.0000;
   206    3.648               0               0            -795              75              -1               0         -0.6163          0.0000;
   207    3.666               0               0            -800              75              -1               0         -0.6215          0.0000;
   208    3.683               0               0            -806              75              -1               0         -0.6835          0.0000;
   209    3.701               0               0            -812              75              -1               0         -0.7002          0.0000;
   210    3.719               0               0            -818              75              -1               0         -0.7152          0.0000;
   211    3.736               0               0            -825              75              -2               0         -0.7311          0.0000;
   212    3.754               0               0            -831              75              -1               0         -0.7479          0.0000;
   213    3.772               0               0            -838              75              -1               0         -0.6273          0.0000;
   214    3.790               0               0            -844              75               0               0         -0.2097          0.0000;
   215    3.807               0               0            -851              75               1               0         -0.3120          0.0000;
   216    3.825               0               0            -857              75               2               0         -0.2921          0.0000;
   217    3.843               0               0            -863              75               2               0         -0.2451          0.0000;
   218    3.860               0               0            -868              75               2               0         -0.4426          0.0000;
   219    3.878               0               0            -874              75               2               0         -0.4322          0.0000;
   220    3.896               0               0            -880              75               2               0         -0.4222          0.0000;
   221    3.914               0               0            -885              75               2               0         -0.4118          0.0000;
   222    3.931               0               0            -890              75               2               0         -0.4014          0.0000;
   223    3.949               0               0            -896              75               1               0         -0.3913          0.0000;
   224    3.967               0               0            -901              75               1               0         -0.4835          0.0000;
   225    3.984               0               0            -907              75               1               0         -0.4808          0.0000;
