 Sample   Time     Commanded 1 Pos   Commanded 2 Pos  Encoder 1 Pos   Encoder 2 Pos   Encoder 3 Pos   Encoder 4 Pos   Control Effort 1  Control Effort 2

     0    0.000               0               0               0               1               0               0          0.0000         -0.2045;
     1    0.018              41               0               0               0               0               0         -2.1297         -0.0699;
     2    0.035              94               0              -2               1               0               0         -5.5546         -0.0699;
     3    0.053             147               0             -12               1               8               0         -5.5601         -0.2045;
     4    0.071             200               0             -26               2              21               0         -5.8178         -0.3056;
     5    0.089             254               0             -48               3              41               0         -5.8675         -0.2940;
     6    0.106             307               0             -76               3              67               0         -4.8053         -0.2463;
     7    0.124             360               0            -111               3              98               0         -4.3114         -0.3565;
     8    0.142             413               0            -151               2             135               0         -3.6322         -0.2219;
     9    0.159             466               0            -194               2             175               0         -2.9487         -0.2222;
    10    0.177             519               0            -241               2             218               0         -2.1807         -0.2222;
    11    0.195             572               0            -291               2             263               0         -2.1444         -0.2225;
    12    0.213             625               0            -343               2             310               0         -1.9973         -0.2225;
    13    0.230             679               0            -395               1             359               0         -1.6728         -0.2042;
    14    0.248             732               0            -450               1             408               0         -1.7976         -0.1978;
    15    0.266             785               0            -506               1             459               0         -0.9594         -0.1981;
    16    0.283             838               0            -562               1             510               0         -1.1709         -0.1954;
    17    0.301             891               0            -619               1             561               0         -1.5397         -0.1874;
    18    0.319             944               0            -677               1             613               0         -1.6706         -0.1975;
    19    0.336             997               0            -735               2             665               0         -1.5800         -0.3996;
    20    0.354            1050               0            -794               1             718               0         -1.0742         -0.3407;
    21    0.372            1104               0            -852               1             771               0         -0.8828         -0.2060;
    22    0.390            1157               0            -911              -0             824               0         -0.5784         -0.1514;
    23    0.407            1210               0            -971               0             876               0         -1.1850         -0.0714;
    24    0.425            1263               0           -1030               1             929               0         -1.2937         -0.2060;
    25    0.443            1316               0           -1090               1             983               0         -0.7860         -0.2060;
    26    0.460            1369               0           -1151               0            1036               0         -0.5864         -0.0714;
    27    0.478            1422               0           -1211               1            1089               0         -1.0519         -0.3239;
    28    0.496            1475               0           -1273               1            1141               0         -1.4570         -0.3239;
    29    0.514            1529               0           -1334               1            1195               0         -0.7778         -0.2060;
    30    0.531            1582               0           -1395               1            1248               0         -0.7637         -0.2060;
    31    0.549            1635               0           -1457               0            1301               0         -1.2937         -0.0714;
    32    0.567            1688               0           -1519               1            1354               0         -1.5034         -0.0714;
    33    0.584            1741               0           -1581               1            1407               0         -0.7015         -0.3239;
    34    0.602            1794               0           -1644               1            1460               0         -0.8443         -0.3239;
    35    0.620            1847               0           -1708               1            1513               0         -1.1789         -0.2060;
    36    0.638            1900               0           -1771               0            1566               0         -1.5397         -0.2060;
    37    0.655            1954               0           -1836               0            1619               0         -0.9432         -0.0714;
    38    0.673            2007               0           -1900               1            1672               0         -0.7799         -0.0714;
    39    0.691            2060               0           -1964               1            1725               0         -1.3120         -0.2060;
    40    0.708            2113               0           -2030               1            1778               0         -1.5678         -0.2060;
    41    0.726            2166               0           -2095               1            1831               0         -0.7677         -0.3242;
    42    0.744            2219               0           -2162               1            1884               0         -0.9332         -0.3242;
    43    0.761            2272               0           -2228               1            1937               0         -1.2131         -0.2060;
    44    0.779            2325               0           -2294               1            1990               0         -1.6020         -0.2060;
    45    0.797            2379               0           -2362               1            2043               0         -0.9774         -0.2063;
    46    0.815            2432               0           -2429               1            2096               0         -0.8929         -0.0714;
    47    0.832            2485               0           -2497               1            2149               0         -1.3843         -0.3242;
    48    0.850            2538               0           -2565               1            2201               0         -1.5940         -0.3242;
    49    0.868            2591               0           -2634               1            2255               0         -1.0803         -0.2063;
    50    0.885            2644               0           -2704               1            2308               0         -0.9652         -0.2063;
    51    0.903            2697               0           -2774               1            2360               0         -0.9954         -0.2063;
    52    0.921            2750               0           -2844               0            2413               0         -1.5778         -0.3242;
    53    0.939            2804               0           -2914               1            2466               0         -1.3019         -0.2063;
    54    0.956            2857               0           -2985               1            2519               0         -0.9389         -0.2063;
    55    0.974            2910               0           -3057               1            2572               0         -1.1648         -0.2063;
    56    0.992            2963               0           -3128               1            2625               0         -1.4893         -0.2063;
    57    1.009            3016               0           -3201               1            2678               0         -1.4649         -0.3242;
    58    1.027            3069               0           -3274               1            2731               0         -1.1245         -0.3242;
    59    1.045            3122               0           -3349               1            2784               0         -1.0742         -0.2063;
    60    1.063            3175               0           -3423               1            2837               0         -1.5034         -0.2063;
    61    1.080            3229               0           -3498               1            2890               0         -1.4710         -0.2067;
    62    1.098            3282               0           -3574               1            2944               0         -0.9490         -0.2067;
    63    1.116            3335               0           -3650               1            2996               0         -1.1709         -0.3245;
    64    1.133            3388               0           -3727               1            3049               0         -1.5617         -0.3245;
    65    1.151            3441               0           -3805               1            3103               0         -1.1587         -0.2067;
    66    1.169            3494               0           -3883               1            3156               0         -0.9814         -0.2067;
    67    1.186            3547               0           -3962               1            3209               0         -1.3642         -0.2067;
    68    1.204            3600               0           -4041               1            3262               0         -1.6987         -0.2067;
    69    1.222            3654               0           -4120               0            3315               0         -1.1145         -0.0720;
    70    1.240            3707               0           -4201               1            3368               0         -1.1023         -0.0720;
    71    1.257            3760               0           -4281               1            3421               0         -1.5253         -0.2067;
    72    1.275            3813               0           -4363               1            3474               0         -1.3904         -0.2067;
    73    1.293            3866               0           -4445               1            3528               0         -0.9734         -0.2067;
    74    1.310            3919               0           -4529               1            3580               0         -1.2170         -0.2067;
    75    1.328            3972               0           -4611               1            3633               0         -1.5839         -0.2070;
    76    1.346            4025               0           -4695               1            3687               0         -1.1587         -0.3248;
    77    1.364            4079               0           -4779               1            3740               0         -1.0055         -0.2070;
    78    1.381            4132               0           -4864               1            3793               0         -1.4206         -0.2070;
    79    1.399            4185               0           -4949               1            3845               0         -1.7048         -0.2070;
    80    1.417            4238               0           -5036               1            3899               0         -1.2555         -0.2070;
    81    1.434            4291               0           -5122               1            3952               0         -1.0137         -0.2070;
    82    1.452            4344               0           -5209               1            4004               0         -1.5415         -0.2070;
    83    1.470            4397               0           -5297               1            4057               0         -1.7289         -0.2070;
    84    1.488            4450               0           -5386               1            4110               0         -1.5656         -0.2070;
    85    1.505            4504               0           -5475               1            4163               0         -1.3339         -0.2070;
    86    1.523            4557               0           -5565               1            4216               0         -1.3120         -0.2070;
    87    1.541            4610               0           -5656               1            4269               0         -1.7027         -0.2073;
    88    1.558            4663               0           -5747               1            4321               0         -1.8660         -0.2073;
    89    1.576            4716               0           -5840               1            4375               0         -1.4286         -0.2073;
    90    1.594            4769               0           -5932               1            4428               0         -1.2595         -0.2073;
    91    1.611            4822               0           -6026               1            4480               0         -1.5537         -0.2073;
    92    1.629            4875               0           -6120               1            4533               0         -1.8175         -0.2073;
    93    1.647            4929               0           -6215               1            4587               0         -1.4933         -0.2073;
    94    1.665            4982               0           -6311               1            4640               0         -1.1688         -0.2073;
    95    1.682            5035               0           -6407               1            4692               0         -1.6624         -0.2073;
    96    1.700            5088               0           -6505               1            4745               0         -1.8437         -0.2073;
    97    1.718            5141               0           -6601               1            4799               0         -1.4469         -0.2076;
    98    1.735            5194               0           -6700               1            4852               0         -1.3239         -0.2076;
    99    1.753            5247               0           -6799               1            4905               0         -1.5595         -0.2076;
   100    1.771            5300               0           -6899               1            4957               0         -1.8922         -0.2076;
   101    1.789            5354               0           -6999               1            5011               0         -1.4066         -0.2076;
   102    1.806            5407               0           -7100               1            5064               0         -1.3138         -0.2076;
   103    1.824            5460               0           -7202               1            5117               0         -1.7369         -0.2076;
   104    1.842            5513               0           -7304               1            5171               0         -1.5174         -0.2076;
   105    1.859            5566               0           -7407               1            5224               0         -1.1102         -0.2076;
   106    1.877            5619               0           -7512               1            5277               0         -1.6303         -0.2076;
   107    1.895            5672               0           -7616               1            5331               0         -1.4246         -0.2076;
   108    1.913            5725               0           -7722               1            5384               0         -1.1184         -0.2079;
   109    1.930            5779               0           -7830               1            5437               0         -1.5818         -0.2079;
   110    1.948            5832               0           -7936               1            5491               0         -1.3059         -0.2079;
   111    1.966            5885               0           -8044               1            5544               0         -1.1264         -0.2079;
   112    1.983            5938               0           -8152               1            5597               0         -1.6261         -0.2079;
   113    2.001            5991               0           -8261               1            5650               0         -1.6584         -0.2079;
   114    2.019            6000               0           -8369               1            5703               0          1.2146         -0.2079;
   115    2.036            6000               0           -8475               1            5754               0          3.4872         -0.2079;
   116    2.054            6000               0           -8576               0            5800               0          3.8938         -0.0733;
   117    2.072            6000               0           -8671               0            5839               0          3.8550         -0.1911;
   118    2.090            6000               0           -8759              -1            5871               0          3.3446         -0.1480;
   119    2.107            6000               0           -8842              -2            5896               0          2.4597         -0.1401;
   120    2.125            6000               0           -8919              -2            5916               0          1.6093         -0.1658;
   121    2.143            6000               0           -8992               0            5931               0          1.1758         -0.3675;
   122    2.160            6000               0           -9062               0            5942               0          0.2546         -0.3086;
   123    2.178            6000               0           -9129              -1            5951               0          0.0208         -0.0559;
   124    2.196            6000               0           -9195               0            5958               0         -0.1386         -0.0559;
   125    2.214            6000               0           -9260               0            5964               0         -0.3965         -0.1905;
   126    2.231            6000               0           -9323              -1            5967               0         -0.4954         -0.3083;
   127    2.249            6000               0           -9387               0            5970               0         -0.9649         -0.1902;
   128    2.267            6000               0           -9450               0            5973               0         -1.1142         -0.1902;
   129    2.284            6000               0           -9514               0            5974               0         -0.8217         -0.1902;
   130    2.302            6000               0           -9577               0            5976               0         -0.8944         -0.1902;
   131    2.320            6000               0           -9640               1            5977               0         -1.0638         -0.2573;
   132    2.338            6000               0           -9704               0            5977               0         -1.3782         -0.1200;
   133    2.355            6000               0           -9769               0            5978               0         -1.1645         -0.1899;
   134    2.373            6000               0           -9833               0            5979               0         -1.0839         -0.1899;
   135    2.391            6000               0           -9898               1            5979               0         -1.3538         -0.3245;
   136    2.408            6000               0           -9964               0            5979               0         -1.3538         -0.1899;
   137    2.426            6000               0          -10031               0            5979               0         -1.3538         -0.1899;
   138    2.444            6000               0          -10097               0            5979               0         -1.2430         -0.3245;
   139    2.461            6000               0          -10164               0            5980               0         -1.2271         -0.0720;
   140    2.479            6000               0          -10233               0            5980               0         -1.2109         -0.1899;
   141    2.497            6000               0          -10301               0            5980               0         -1.1969         -0.1899;
   142    2.515            5975               0          -10370               0            5980               0         -0.1874         -0.3245;
   143    2.532            5922               0          -10435               0            5980               0          3.2378         -0.0717;
   144    2.550            5869               0          -10496               0            5975               0          5.0751         -0.1896;
   145    2.568            5816               0          -10553              -1            5964               0          4.1093         -0.1554;
   146    2.585            5762               0          -10603              -2            5946               0          4.5723         -0.0855;
   147    2.603            5709               0          -10646              -3            5922               0          3.7537         -0.1252;
   148    2.621            5656               0          -10684              -1            5891               0          2.9011         -0.3492;
   149    2.639            5603               0          -10716              -1            5855               0          2.4655         -0.1722;
   150    2.656            5550               0          -10744              -1            5815               0          1.3168         -0.1722;
   151    2.674            5497               0          -10769              -1            5772               0          0.6013         -0.1719;
   152    2.692            5444               0          -10791              -1            5726               0          0.4057         -0.1719;
   153    2.709            5391               0          -10811              -1            5679               0          0.1477         -0.1719;
   154    2.727            5337               0          -10831              -1            5630               0          0.1981         -0.1716;
   155    2.745            5284               0          -10849              -0            5581               0         -0.0922         -0.1893;
   156    2.763            5231               0          -10866              -0            5530               0         -0.2775         -0.1914;
   157    2.780            5178               0          -10884              -0            5479               0         -0.9045         -0.1944;
   158    2.798            5125               0          -10900               0            5427               0         -0.7271         -0.3059;
   159    2.816            5072               0          -10917               0            5375               0         -0.9527         -0.1880;
   160    2.833            5019               0          -10933              -1            5323               0         -0.8962         -0.3059;
   161    2.851            4966               0          -10949               0            5270               0         -0.8984         -0.1877;
   162    2.869            4912               0          -10965               0            5217               0         -0.6264         -0.1877;
   163    2.886            4859               0          -10981               0            5165               0         -0.4631         -0.1877;
   164    2.904            4806               0          -10998               0            5111               0         -1.0073         -0.1877;
   165    2.922            4753               0          -11015               0            5058               0         -1.0476         -0.1877;
   166    2.940            4700               0          -11033               0            5006               0         -0.7070         -0.1877;
   167    2.957            4647               0          -11050               0            4953               0         -0.5458         -0.1877;
   168    2.975            4594               0          -11067               0            4899               0         -0.9789         -0.1877;
   169    2.993            4541               0          -11085               0            4846               0         -1.0516         -0.1874;
   170    3.010            4487               0          -11103               0            4793               0         -0.6545         -0.1874;
   171    3.028            4434               0          -11121               0            4740               0         -0.7998         -0.1874;
   172    3.046            4381               0          -11139               0            4686               0         -1.3034         -0.1874;
   173    3.064            4328               0          -11157               0            4633               0         -0.7210         -0.1874;
   174    3.081            4275               0          -11177               0            4580               0         -0.5015         -0.1874;
   175    3.099            4222               0          -11196               0            4527               0         -1.1865         -0.1871;
   176    3.117            4169               0          -11215               0            4474               0         -0.9750         -0.1871;
   177    3.134            4116               0          -11235               0            4421               0         -0.6364         -0.1871;
   178    3.152            4062               0          -11255               0            4367               0         -1.1523         -0.1871;
   179    3.170            4009               0          -11275               0            4314               0         -1.0516         -0.1871;
   180    3.188            3956               0          -11296               0            4261               0         -0.6847         -0.1871;
   181    3.205            3903               0          -11317               0            4208               0         -0.7915         -0.1871;
   182    3.223            3850               0          -11338               0            4155               0         -1.0556         -0.1868;
   183    3.241            3797               0          -11360               0            4102               0         -1.0415         -0.1868;
   184    3.258            3744               0          -11382               0            4049               0         -0.6728         -0.1868;
   185    3.276            3691               0          -11404               0            3995               0         -1.0879         -0.1868;
   186    3.294            3637               0          -11426               0            3942               0         -1.1401         -0.1868;
   187    3.311            3584               0          -11449               0            3889               0         -0.7552         -0.1868;
   188    3.329            3531               0          -11471               0            3835               0         -1.0717         -0.1868;
   189    3.347            3478               0          -11495               0            3782               0         -1.1725         -0.1865;
   190    3.365            3425               0          -11519               0            3729               0         -0.7473         -0.1865;
   191    3.382            3372               0          -11543               0            3676               0         -0.7088         -0.1865;
   192    3.400            3319               0          -11567               0            3623               0         -1.2793         -0.1865;
   193    3.418            3266               0          -11592               0            3570               0         -1.0937         -0.1865;
   194    3.435            3212               0          -11617               0            3516               0         -0.6404         -0.1865;
   195    3.453            3159               0          -11642               0            3463               0         -1.3074         -0.1865;
   196    3.471            3106               0          -11668               0            3410               0         -1.0455         -0.1862;
   197    3.489            3053               0          -11694               0            3357               0         -0.6242         -0.1862;
   198    3.506            3000               0          -11720               0            3304               0         -0.7998         -0.1862;
   199    3.524            2947               0          -11747               0            3251               0         -1.1642         -0.1862;
   200    3.542            2894               0          -11774               0            3198               0         -1.1542         -0.1862;
   201    3.559            2841               0          -11801               0            3145               0         -0.6868         -0.1862;
   202    3.577            2787               0          -11828               0            3091               0         -1.0958         -0.1862;
   203    3.595            2734               0          -11856               0            3038               0         -1.2128         -0.1859;
   204    3.613            2681               0          -11884               0            2985               0         -0.6947         -0.1859;
   205    3.630            2628               0          -11913               0            2932               0         -0.5418         -0.1859;
   206    3.648            2575               0          -11941               0            2879               0         -1.2772         -0.1859;
   207    3.666            2522               0          -11970               0            2826               0         -1.0696         -0.1859;
   208    3.683            2469               0          -11999               0            2773               0         -0.6807         -0.1859;
   209    3.701            2416               0          -12029               0            2719               0         -1.0375         -0.1859;
   210    3.719            2362               0          -12059               0            2666               0         -1.1523         -0.1856;
   211    3.736            2309               0          -12089               0            2614               0         -0.8419         -0.1856;
   212    3.754            2256               0          -12120               0            2561               0         -0.6364         -0.1856;
   213    3.772            2203               0          -12150               0            2507               0         -1.0980         -0.1856;
   214    3.790            2150               0          -12182               0            2454               0         -1.1642         -0.1856;
   215    3.807            2097               0          -12213               0            2401               0         -0.6484         -0.1856;
   216    3.825            2044               0          -12244               0            2348               0         -0.4692         -0.1856;
   217    3.843            1991               0          -12276               0            2295               0         -1.2811         -0.1853;
   218    3.860            1937               0          -12308               0            2242               0         -1.0717         -0.0507;
   219    3.878            1884               0          -12340               0            2189               0         -0.6081         -0.1853;
   220    3.896            1831               0          -12373               0            2136               0         -0.9869         -0.1853;
   221    3.914            1778               0          -12405               0            2082               0         -1.1542         -0.1853;
   222    3.931            1725               0          -12438               0            2029               0         -0.8721         -0.3031;
   223    3.949            1672               0          -12471               0            1976               0         -0.5980         -0.1850;
   224    3.967            1619               0          -12505               0            1923               0         -1.1401         -0.1850;
   225    3.984            1566               0          -12538              -1            1870               0         -1.0757         -0.0504;
   226    4.002            1512               0          -12572               0            1817               0         -0.6181         -0.0501;
   227    4.020            1459               0          -12606               0            1764               0         -0.6807         -0.1847;
   228    4.038            1406               0          -12640               0            1710               0         -1.3559         -0.1847;
   229    4.055            1353               0          -12675              -1            1658               0         -1.0113         -0.0501;
   230    4.073            1300               0          -12710               0            1605               0         -0.4915         -0.0501;
   231    4.091            1247               0          -12745               0            1552               0         -0.9106         -0.1847;
   232    4.108            1194               0          -12780               0            1498               0         -1.1804         -0.1844;
   233    4.126            1141               0          -12816               0            1446               0         -0.7937         -0.3022;
   234    4.144            1087               0          -12852              -1            1393               0         -0.4832         -0.3022;
   235    4.161            1034               0          -12887               0            1339               0         -0.8822         -0.1844;
   236    4.179             981               0          -12923              -1            1286               0         -1.3056         -0.1844;
   237    4.197             928               0          -12959              -1            1234               0         -0.7131         -0.0495;
   238    4.215             875               0          -12995               0            1181               0         -0.3904         -0.0495;
   239    4.232             822               0          -13032               0            1127               0         -1.0433         -0.1841;
   240    4.250             769               0          -13068              -1            1074               0         -1.1563         -0.1841;
   241    4.268             716               0          -13104              -1            1022               0         -0.6584         -0.0491;
   242    4.285             662               0          -13141               0             969               0         -0.4771         -0.0491;
   243    4.303             609               0          -13178               0             915               0         -0.9890         -0.3016;
   244    4.321             556               0          -13215               0             862               0         -1.0757         -0.1838;
   245    4.339             503               0          -13252              -1             810               0         -0.5437         -0.0488;
   246    4.356             450               0          -13289               0             757               0         -0.3846         -0.0488;
   247    4.374             397               0          -13327               0             703               0         -1.0455         -0.3013;
   248    4.392             344               0          -13364               0             650               0         -1.0617         -0.3013;
   249    4.409             291               0          -13401               0             598               0         -0.5839         -0.1835;
   250    4.427             237               0          -13438              -1             545               0         -0.4188         -0.0485;
   251    4.445             184               0          -13475               0             491               0         -0.8559         -0.3010;
   252    4.463             131               0          -13513               0             438               0         -1.1545         -0.3010;
   253    4.480              78               0          -13550               0             386               0         -0.7091         -0.1832;
   254    4.498              25               0          -13587               0             333               0         -0.3281         -0.1828;
   255    4.516               0               0          -13625              -1             280               0         -1.8111         -0.0482;
   256    4.533               0               0          -13665               0             228               0         -4.9359         -0.0482;
   257    4.551               0               0          -13708               0             181               0         -6.0214         -0.1828;
   258    4.569               0               0          -13758               1             139               0         -6.2808         -0.2305;
   259    4.586               0               0          -13817               2             105               0         -5.9683         -0.2622;
   260    4.604               0               0          -13879               2              76               0         -5.8046         -0.2244;
   261    4.622               0               0          -13950               2              53               0         -4.4805         -0.2244;
   262    4.640               0               0          -14026               2              37               0         -3.8413         -0.2247;
   263    4.657               0               0          -14106               1              25               0         -2.7750         -0.0269;
   264    4.675               0               0          -14190               1              15               0         -2.2894         -0.0824;
   265    4.693               0               0          -14276               1               9               0         -1.9771         -0.2002;
   266    4.710               0               0          -14364               1               4               0         -0.9954         -0.2002;
   267    4.728               0               0          -14454               1               0               0         -0.8645         -0.2002;
   268    4.746               0               0          -14544               1              -2               0         -0.9591         -0.2002;
   269    4.764               0               0          -14636               1              -4               0         -1.1084         -0.2002;
   270    4.781               0               0          -14727               0              -6               0         -1.0861         -0.1245;
   271    4.799               0               0          -14819               0              -7               0         -0.8059         -0.1798;
   272    4.817               0               0          -14911               0              -7               0         -0.5803         -0.1777;
   273    4.834               0               0          -15004              -0              -8               0         -0.9289         -0.1746;
   274    4.852               0               0          -15096              -0              -9               0         -0.9127         -0.1719;
   275    4.870               0               0          -15190               1              -9               0         -0.5781         -0.3181;
   276    4.888               0               0          -15283               0              -9               0         -0.5781         -0.2002;
   277    4.905               0               0          -15376               0              -9               0         -0.5781         -0.1835;
   278    4.923               0               0          -15469               0              -9               0         -0.5781         -0.1835;
   279    4.941               0               0          -15562               0              -9               0         -0.5781         -0.1835;
   280    4.958               0               0          -15655               0              -9               0         -0.5781         -0.1835;
   281    4.976               0               0          -15749               1              -9               0         -0.5781         -0.3181;
   282    4.994               0               0          -15842               0              -9               0         -0.5781         -0.3178;
   283    5.011               9               0          -15935               0              -9               0         -0.6529         -0.1832;
   284    5.029              62               0          -16032               0              -7               0         -4.0778         -0.1832;
   285    5.047             115               0          -16131               0              -4               0         -5.0223         -0.1832;
   286    5.065             169               0          -16239               2               6               0         -6.0778         -0.1999;
   287    5.082             222               0          -16350               2              21               0         -6.3132         -0.2430;
   288    5.100             275               0          -16466               2              43               0         -5.6920         -0.2247;
   289    5.118             328               0          -16589               2              72               0         -4.8010         -0.2250;
   290    5.135             381               0          -16717               3             104               0         -4.6355         -0.2482;
   291    5.153             434               0          -16852               2             144               0         -3.2005         -0.2173;
   292    5.171             487               0          -16990               3             186               0         -2.5858         -0.2173;
   293    5.189             540               0          -17130               3             232               0         -2.1062         -0.2344;
   294    5.206             594               0          -17272               2             279               0         -1.6426         -0.2176;
   295    5.224             647               0          -17418               1             328               0         -1.9731         -0.1557;
   296    5.242             700               0          -17564               2             377               0         -1.4814         -0.0830;
   297    5.259             753               0          -17712               1             429               0         -1.3544         -0.2012;
   298    5.277             806               0          -17861               1             480               0         -1.3202         -0.2012;
   299    5.295             859               0          -18011               1             532               0         -0.6270         -0.0833;
   300    5.313             912               0          -18160               1             585               0         -0.9493         -0.0833;
   301    5.330             965               0          -18310               1             637               0         -1.2778         -0.2012;
   302    5.348            1019               0          -18460               1             689               0         -1.3745         -0.2015;
   303    5.366            1072               0          -18611               0             742               0         -1.4490         -0.1734;
   304    5.383            1125               0          -18761               1             795               0         -0.7173         -0.3120;
   305    5.401            1178               0          -18912               1             847               0         -0.5723         -0.2015;
   306    5.419            1231               0          -19063               1             900               0         -0.6914         -0.2015;
   307    5.436            1284               0          -19214               1             952               0         -1.0559         -0.2015;
   308    5.454            1337               0          -19367               1            1005               0         -1.2857         -0.2015;
   309    5.472            1390               0          -19519               1            1058               0         -1.5256         -0.2015;
   310    5.490            1444               0          -19672               1            1111               0         -0.9795         -0.2015;
   311    5.507            1497               0          -19824               1            1164               0         -0.6166         -0.2015;
   312    5.525            1550               0          -19977               1            1216               0         -0.7659         -0.2015;
   313    5.543            1603               0          -20131               1            1269               0         -1.4530         -0.2015;
   314    5.560            1656               0          -20285               1            1322               0         -1.2857         -0.2018;
   315    5.578            1709               0          -20439               1            1375               0         -0.6993         -0.2018;
   316    5.596            1762               0          -20593               1            1428               0         -0.9249         -0.2018;
   317    5.614            1815               0          -20747               1            1481               0         -1.2555         -0.2018;
   318    5.631            1869               0          -20902               1            1533               0         -1.6001         -0.2018;
   319    5.649            1922               0          -21057               1            1587               0         -0.9270         -0.2018;
   320    5.667            1975               0          -21212               1            1640               0         -0.7879         -0.2018;
   321    5.684            2028               0          -21368               1            1693               0         -1.3281         -0.2018;
   322    5.702            2081               0          -21525               1            1745               0         -1.5357         -0.2018;
   323    5.720            2134               0          -21683               1            1799               0         -0.7274         -0.2018;
   324    5.738            2187               0          -21840               1            1852               0         -0.9875         -0.2021;
   325    5.755            2240               0          -21998               1            1905               0         -1.3138         -0.2021;
   326    5.773            2294               0          -22156               1            1958               0         -1.2634         -0.2021;
   327    5.791            2347               0          -22314               1            2011               0         -0.9451         -0.2021;
   328    5.808            2400               0          -22473               1            2064               0         -0.9713         -0.2021;
   329    5.826            2453               0          -22632               1            2117               0         -1.3886         -0.2021;
   330    5.844            2506               0          -22791               1            2169               0         -1.6242         -0.2021;
   331    5.861            2559               0          -22951               1            2223               0         -1.0620         -0.2021;
   332    5.879            2612               0          -23111               1            2276               0         -0.9451         -0.2021;
   333    5.897            2665               0          -23272               1            2328               0         -1.0015         -0.2021;
   334    5.915            2719               0          -23434               1            2381               0         -1.5275         -0.2024;
   335    5.932            2772               0          -23596               1            2435               0         -1.1206         -0.2024;
   336    5.950            2825               0          -23759               1            2488               0         -0.7961         -0.2024;
   337    5.968            2878               0          -23923               1            2541               0         -1.3602         -0.2024;
   338    5.985            2931               0          -24087               1            2594               0         -1.3422         -0.2024;
   339    6.003            2984               0          -24251               1            2648               0         -0.7576         -0.2024;
   340    6.021            3037               0          -24417               1            2700               0         -1.0458         -0.2024;
   341    6.039            3090               0          -24581               1            2753               0         -1.5073         -0.2024;
   342    6.056            3144               0          -24746               1            2807               0         -1.0540         -0.2024;
   343    6.074            3197               0          -24912               1            2860               0         -0.9389         -0.2024;
   344    6.092            3250               0          -25078               1            2912               0         -1.0742         -0.2027;
   345    6.109            3303               0          -25243               1            2965               0         -1.6181         -0.2027;
   346    6.127            3356               0          -25410               1            3018               0         -1.8681         -0.2027;
   347    6.145            3409               0          -25578               1            3071               0         -1.2393         -0.2027;
   348    6.163            3462               0          -25747               1            3124               0         -1.1789         -0.2027;
   349    6.180            3515               0          -25917               1            3176               0         -1.1889         -0.2027;
   350    6.198            3569               0          -26086               1            3229               0         -1.6203         -0.2027;
   351    6.216            3622               0          -26256               1            3282               0         -1.3864         -0.2027;
   352    6.233            3675               0          -26427               1            3336               0         -0.9389         -0.2027;
   353    6.251            3728               0          -26598               1            3388               0         -1.2875         -0.2027;
   354    6.269            3781               0          -26770               1            3441               0         -1.7149         -0.2030;
   355    6.286            3834               0          -26942               1            3494               0         -1.5757         -0.2030;
   356    6.304            3887               0          -27114               1            3547               0         -1.3220         -0.2030;
   357    6.322            3940               0          -27287               1            3600               0         -1.2473         -0.2030;
   358    6.340            3994               0          -27461               1            3653               0         -1.6685         -0.2030;
   359    6.357            4047               0          -27636               2            3706               0         -1.7451         -0.2705;
   360    6.375            4100               0          -27813               2            3759               0         -1.1062         -0.2115;
   361    6.393            4153               0          -27990               1            3812               0         -1.3965         -0.1404;
   362    6.410            4206               0          -28167               1            3865               0         -1.5699         -0.2033;
   363    6.428            4259               0          -28345               1            3919               0         -1.3260         -0.2033;
   364    6.446            4312               0          -28523               2            3972               0         -1.1224         -0.2033;
   365    6.464            4365               0          -28702               2            4025               0         -1.5656         -0.2201;
   366    6.481            4419               0          -28881               1            4077               0         -1.7531         -0.3379;
   367    6.499            4472               0          -29060               1            4131               0         -1.2616         -0.2033;
   368    6.517            4525               0          -29241               1            4184               0         -1.2717         -0.2036;
   369    6.534            4578               0          -29423               2            4237               0         -1.6505         -0.3382;
   370    6.552            4631               0          -29606               2            4290               0         -1.6383         -0.2204;
   371    6.570            4684               0          -29789               1            4344               0         -1.0900         -0.2036;
   372    6.588            4737               0          -29973               2            4396               0         -1.2998         -0.2036;
   373    6.605            4790               0          -30159               2            4450               0         -1.7109         -0.3385;
   374    6.623            4844               0          -30344               1            4503               0         -1.1526         -0.2039;
   375    6.641            4897               0          -30530               2            4556               0         -1.3339         -0.3385;
   376    6.658            4950               0          -30716               1            4609               0         -1.6102         -0.0861;
   377    6.676            5003               0          -30902               1            4662               0         -1.9304         -0.2039;
   378    6.694            5056               0          -31089               1            4715               0         -1.3321         -0.3388;
   379    6.711            5109               0          -31277               1            4768               0         -1.2714         -0.0864;
   380    6.729            5162               0          -31466               2            4821               0         -1.6807         -0.2042;
   381    6.747            5215               0          -31656               2            4874               0         -1.9103         -0.3388;
   382    6.765            5269               0          -31848               1            4927               0         -1.1548         -0.2042;
   383    6.782            5322               0          -32039               2            4980               0         -1.3379         -0.3391;
   384    6.800            5375               0          -32231               2            5033               0         -1.6764         -0.3391;
   385    6.818            5428               0          -32424               1            5087               0         -1.2937         -0.0867;
   386    6.835            5481               0          -32617               2            5140               0         -1.2393         -0.0867;
   387    6.853            5534               0          -32811               1            5193               0         -1.5858         -0.2045;
   388    6.871            5587               0          -33005               1            5246               0         -1.7088         -0.2045;
   389    6.889            5640               0          -33199               2            5299               0         -1.4530         -0.3394;
   390    6.906            5694               0          -33394               1            5352               0         -1.2473         -0.3394;
   391    6.924            5747               0          -33590               1            5404               0         -1.7451         -0.0870;
   392    6.942            5800               0          -33787               2            5457               0         -1.9124         -0.0870;
   393    6.959            5853               0          -33986               2            5510               0         -1.5696         -0.3397;
   394    6.977            5906               0          -34185               1            5564               0         -1.2958         -0.3397;
   395    6.995            5959               0          -34384               1            5617               0         -1.5253         -0.0873;
   396    7.013            6000               0          -34584               2            5670               0         -1.5678         -0.0873;
   397    7.030            6000               0          -34782               2            5723               0          2.2705         -0.3397;
   398    7.048            6000               0          -34977               1            5772               0          3.8214         -0.3400;
   399    7.066            6000               0          -35167               1            5816               0          4.1737         -0.2054;
   400    7.083            6000               0          -35351               0            5852               0          4.1551         -0.1886;
   401    7.101            6000               0          -35528              -1            5881               0          2.7280         -0.1242;
   402    7.119            6000               0          -35700              -2            5904               0          2.3065         -0.1633;
   403    7.136            6000               0          -35866               0            5922               0          1.7341         -0.3651;
   404    7.154            6000               0          -36029               0            5936               0          0.4118         -0.3062;
   405    7.172            6000               0          -36189              -1            5946               0          0.2708         -0.0534;
   406    7.190            6000               0          -36347               0            5955               0          0.1074         -0.1880;
   407    7.207            6000               0          -36503               0            5961               0         -0.0882         -0.1880;
   408    7.225            6000               0          -36658              -1            5965               0         -0.7332         -0.3059;
   409    7.243            6000               0          -36813               0            5969               0         -0.8318         -0.1877;
   410    7.260            6000               0          -36967               0            5972               0         -0.6526         -0.1877;
   411    7.278            6000               0          -37121               0            5973               0         -1.0192         -0.1877;
   412    7.296            6000               0          -37275               0            5975               0         -0.8138         -0.1877;
   413    7.314            6000               0          -37429               0            5976               0         -1.1120         -0.1877;
   414    7.331            6000               0          -37584               0            5977               0         -1.1706         -0.1874;
   415    7.349            6000               0          -37740               0            5977               0         -1.4829         -0.1874;
   416    7.367            6000               0          -37896               1            5978               0         -1.2350         -0.1874;
   417    7.384            6000               0          -38052               1            5978               0         -1.0174         -0.2054;
   418    7.402            6000               0          -38209               0            5979               0         -1.1203         -0.1874;
   419    7.420            6000               0          -38367               0            5979               0         -1.3538         -0.1874;
   420    7.438            6000               0          -38524               0            5979               0         -1.3538         -0.1874;
   421    7.455            6000               0          -38682               0            5979               0         -1.3538         -0.1874;
   422    7.473            6000               0          -38840               0            5979               0         -1.3538         -0.1871;
   423    7.491            6000               0          -38998               0            5979               0         -1.3538         -0.1871;
   424    7.508            6000               0          -39157               0            5979               0         -1.3538         -0.3217;
   425    7.526            5954               0          -39315               0            5979               0          1.1181         -0.1871;
   426    7.544            5901               0          -39471               0            5979               0          4.5433         -0.1871;
   427    7.561            5847               0          -39622              -1            5971               0          4.3736         -0.1114;
   428    7.579            5794               0          -39767              -1            5957               0          4.2903         -0.1496;
   429    7.597            5741               0          -39906              -2            5935               0          3.6914         -0.1065;
   430    7.615            5688               0          -40038              -3            5908               0          3.5400         -0.1447;
   431    7.632            5635               0          -40164              -1            5875               0          2.3248         -0.1697;
   432    7.650            5582               0          -40285              -1            5837               0          1.5989         -0.1694;
   433    7.668            5529               0          -40402              -1            5796               0          1.1194         -0.1694;
   434    7.685            5476               0          -40517              -1            5753               0          0.4341         -0.1691;
   435    7.703            5422               0          -40629              -2            5706               0          0.3028         -0.0345;
   436    7.721            5369               0          -40739              -1            5658               0          0.0229         -0.1691;
   437    7.739            5316               0          -40849              -1            5609               0         -0.1606         -0.1688;
   438    7.756            5263               0          -40956              -1            5559               0         -0.5195         -0.1688;
   439    7.774            5210               0          -41064              -1            5509               0         -0.2534         -0.1685;
   440    7.792            5157               0          -41172              -0            5457               0         -0.3400         -0.1954;
   441    7.809            5104               0          -41278              -1            5405               0         -0.3825         -0.0543;
   442    7.827            5051               0          -41384              -1            5353               0         -0.4911         -0.1685;
   443    7.845            4997               0          -41491              -1            5300               0         -0.6868         -0.1682;
   444    7.863            4944               0          -41598              -1            5247               0         -1.0516         -0.3028;
   445    7.880            4891               0          -41705               0            5194               0         -1.1300         -0.1847;
   446    7.898            4838               0          -41812              -1            5142               0         -1.0797         -0.0501;
   447    7.916            4785               0          -41918              -1            5089               0         -0.7030         -0.1679;
   448    7.933            4732               0          -42026               0            5035               0         -1.0052         -0.1679;
   449    7.951            4679               0          -42133               0            4982               0         -1.3538         -0.3022;
   450    7.969            4626               0          -42241               0            4930               0         -0.7613         -0.1844;
   451    7.986            4572               0          -42350              -1            4877               0         -0.6343         -0.0498;
   452    8.004            4519               0          -42457              -1            4823               0         -1.1926         -0.0498;
   453    8.022            4466               0          -42566              -1            4770               0         -1.0836         -0.1673;
   454    8.040            4413               0          -42675               0            4717               0         -0.7350         -0.1841;
   455    8.057            4360               0          -42783              -1            4664               0         -0.8098         -0.0495;
   456    8.075            4307               0          -42893               0            4611               0         -1.0232         -0.0491;
   457    8.093            4254               0          -43002               0            4558               0         -1.1099         -0.3019;
   458    8.110            4201               0          -43111              -1            4505               0         -0.6868         -0.3016;
   459    8.128            4147               0          -43221              -1            4452               0         -0.8458         -0.0491;
   460    8.146            4094               0          -43330               0            4398               0         -1.3214         -0.1838;
   461    8.164            4041               0          -43441              -1            4345               0         -0.8138         -0.1667;
   462    8.181            3988               0          -43552               0            4292               0         -0.5940         -0.3013;
   463    8.199            3935               0          -43663              -1            4239               0         -1.2811         -0.0488;
   464    8.217            3882               0          -43774              -1            4186               0         -1.0476         -0.1667;
   465    8.234            3829               0          -43886               0            4133               0         -0.6786         -0.1832;
   466    8.252            3776               0          -43998              -1            4079               0         -0.9850         -0.1664;
   467    8.270            3722               0          -44110               0            4026               0         -1.1542         -0.3010;
   468    8.288            3669               0          -44223              -1            3974               0         -0.8703         -0.1828;
   469    8.305            3616               0          -44335              -1            3921               0         -0.6404         -0.1661;
   470    8.323            3563               0          -44448               0            3867               0         -1.0717         -0.1828;
   471    8.341            3510               0          -44561              -1            3814               0         -1.1181         -0.1661;
   472    8.358            3457               0          -44674              -1            3761               0         -0.7189         -0.1658;
   473    8.376            3404               0          -44788               0            3708               0         -0.7573         -0.1825;
   474    8.394            3351               0          -44902              -1            3654               0         -1.2793         -0.1658;
   475    8.411            3297               0          -45016              -1            3602               0         -1.0919         -0.1654;
   476    8.429            3244               0          -45130               0            3548               0         -0.6123         -0.1822;
   477    8.447            3191               0          -45244               0            3495               0         -1.3013         -0.3001;
   478    8.465            3138               0          -45360              -1            3442               0         -1.0919         -0.3001;
   479    8.482            3085               0          -45475              -1            3389               0         -0.6807         -0.0473;
   480    8.500            3032               0          -45590              -1            3335               0         -1.1361         -0.1651;
   481    8.518            2979               0          -45707               0            3282               0         -1.2329         -0.2998;
   482    8.535            2926               0          -45823               0            3229               0         -0.8480         -0.1816;
   483    8.553            2872               0          -45939              -1            3176               0         -0.6444         -0.1648;
   484    8.571            2819               0          -46056              -1            3123               0         -1.1542         -0.1648;
   485    8.589            2766               0          -46174               0            3070               0         -1.1200         -0.2995;
   486    8.606            2713               0          -46291              -1            3017               0         -0.7210         -0.2991;
   487    8.624            2660               0          -46409              -1            2964               0         -0.9307         -0.0467;
   488    8.642            2607               0          -46527              -1            2910               0         -1.4042         -0.0467;
   489    8.659            2554               0          -46645              -1            2858               0         -0.8178         -0.1642;
   490    8.677            2501               0          -46763               0            2804               0         -0.5980         -0.2988;
   491    8.695            2447               0          -46882               0            2751               0         -1.3919         -0.1810;
   492    8.713            2394               0          -47000              -1            2698               0         -1.1383         -0.1642;
   493    8.730            2341               0          -47118              -1            2644               0         -0.6868         -0.1639;
   494    8.748            2288               0          -47237               0            2591               0         -1.4847         -0.0461;
   495    8.766            2235               0          -47357               0            2538               0         -1.2067         -0.2985;
   496    8.783            2182               0          -47477              -1            2484               0         -0.6767         -0.2985;
   497    8.801            2129               0          -47597              -1            2431               0         -1.3397         -0.0458;
   498    8.819            2076               0          -47718              -1            2378               0         -1.1239         -0.0458;
   499    8.836            2022               0          -47839               0            2325               0         -0.7995         -0.2982;
   500    8.854            1969               0          -47960               0            2272               0         -0.8480         -0.1801;
   501    8.872            1916               0          -48082              -1            2219               0         -1.0272         -0.1633;
   502    8.890            1863               0          -48204              -1            2166               0         -1.3095         -0.1633;
   503    8.907            1810               0          -48326              -1            2114               0         -0.7854         -0.0452;
   504    8.925            1757               0          -48449              -1            2061               0         -0.5095         -0.0452;
   505    8.943            1704               0          -48572               0            2007               0         -1.1563         -0.2976;
   506    8.960            1651               0          -48695               0            1954               0         -1.1966         -0.1795;
   507    8.978            1597               0          -48817              -1            1902               0         -0.8037         -0.1627;
   508    8.996            1544               0          -48940              -1            1849               0         -0.5397         -0.1627;
   509    9.014            1491               0          -49064               0            1796               0         -0.9124         -0.1792;
   510    9.031            1438               0          -49188              -1            1742               0         -1.2247         -0.0446;
   511    9.049            1385               0          -49311              -1            1690               0         -0.9951         -0.1624;
   512    9.067            1332               0          -49435               0            1637               0         -0.4994         -0.1624;
   513    9.084            1279               0          -49560               0            1584               0         -0.7451         -0.2967;
   514    9.102            1226               0          -49685              -1            1531               0         -1.1099         -0.2967;
   515    9.120            1172               0          -49809              -1            1478               0         -1.0696         -0.1621;
   516    9.138            1119               0          -49934              -1            1425               0         -0.5275         -0.1618;
   517    9.155            1066               0          -50059               0            1371               0         -1.0131         -0.2964;
   518    9.173            1013               0          -50184              -1            1318               0         -1.1563         -0.2964;
   519    9.191             960               0          -50309              -1            1265               0         -0.6746         -0.1615;
   520    9.208             907               0          -50435               0            1212               0         -0.2738         -0.1615;
   521    9.226             854               0          -50560               0            1159               0         -1.1764         -0.2961;
   522    9.244             801               0          -50686              -1            1106               0         -0.9548         -0.1612;
   523    9.261             747               0          -50812              -1            1053               0         -0.5559         -0.1612;
   524    9.279             694               0          -50938              -1            1000               0         -0.2637         -0.1612;
   525    9.297             641               0          -51064               0             947               0         -0.9023         -0.2955;
   526    9.315             588               0          -51190              -1             894               0         -1.1401         -0.2955;
   527    9.332             535               0          -51316              -1             842               0         -0.5317         -0.1609;
   528    9.350             482               0          -51442              -1             789               0         -0.3361         -0.1606;
   529    9.368             429               0          -51569              -1             736               0         -0.4832         -0.1606;
   530    9.385             376               0          -51696              -1             683               0         -0.8620         -0.1603;
   531    9.403             322               0          -51822              -1             630               0         -0.8663         -0.1603;
   532    9.421             269               0          -51949              -1             577               0         -0.4087         -0.2949;
   533    9.439             216               0          -52075              -1             524               0         -0.1044         -0.0421;
   534    9.456             163               0          -52202              -1             471               0         -1.0333         -0.1600;
   535    9.474             110               0          -52328              -1             418               0         -0.7854         -0.1600;
   536    9.492              57               0          -52454              -1             365               0         -0.3825         -0.1596;
   537    9.509               4               0          -52580              -1             312               0         -0.4591         -0.1596;
   538    9.527               0               0          -52708               0             259               0         -3.4472         -0.1593;
   539    9.545               0               0          -52839               0             209               0         -5.7982         -0.1761;
   540    9.563               0               0          -52974               0             163               0         -6.2851         -0.1761;
   541    9.580               0               0          -53114               1             124               0         -6.6233         -0.2561;
   542    9.598               0               0          -53261               2              90               0         -6.4960         -0.2054;
   543    9.616               0               0          -53415               2              64               0         -6.1893         -0.2506;
   544    9.633               0               0          -53575               2              43               0         -4.7543         -0.2176;
   545    9.651               0               0          -53742               1              27               0         -3.8492         -0.0201;
   546    9.669               0               0          -53913               1              17               0         -2.7549         -0.0754;
   547    9.686               0               0          -54088               2              10               0         -2.2671         -0.3278;
   548    9.704               0               0          -54265               2               5               0         -1.3864         -0.3281;
   549    9.722               0               0          -54443               1               1               0         -1.0519         -0.0757;
   550    9.740               0               0          -54623               1              -2               0         -1.3120         -0.1935;
   551    9.757               0               0          -54803               1              -4               0         -0.6972         -0.1935;
   552    9.775               0               0          -54984               0              -5               0         -0.9612         -0.1093;
   553    9.793               0               0          -55166              -0              -6               0         -0.3849         -0.1572;
   554    9.810               0               0          -55347               1              -7               0         -0.7778         -0.3333;
   555    9.828               0               0          -55529               1              -7               0         -0.6850         -0.1935;
   556    9.846               0               0          -55711               0              -8               0         -1.0379         -0.0589;
   557    9.864               0               0          -55893               0              -9               0         -0.7958         -0.1767;
   558    9.881               0               0          -56075               1              -9               0         -0.5781         -0.3114;
   559    9.899               0               0          -56258               0              -9               0         -0.5781         -0.0589;
   560    9.917               0               0          -56440               0              -9               0         -0.5781         -0.0589;
   561    9.934               0               0          -56622               0              -9               0         -0.5781         -0.1767;
   562    9.952               0               0          -56804               0              -9               0         -0.5781         -0.3114;
   563    9.970               0               0          -56986               0              -9               0         -0.5781         -0.0586;
   564    9.988               0               0          -57167               0              -9               0         -0.5781         -0.0586;
