 Sample   Time     Commanded 1 Pos   Commanded 2 Pos  Encoder 1 Pos   Encoder 2 Pos   Encoder 3 Pos   Encoder 4 Pos   Control Effort 1  Control Effort 2

     0    0.000               0               0               0              -1               0               0          0.0000         -0.0577;
     1    0.009           16000               0               8              -1               0               0          4.8840         -0.3101;
     2    0.018           16000               0              10              -1              -1               0          4.8840         -0.0577;
     3    0.027           16000               0              13              -1              -5               0          4.8840         -0.1755;
     4    0.035           16000               0              19              -1             -10               0          4.8840         -0.1755;
     5    0.044           16000               0              25              -2             -16               0          4.8840         -0.1755;
     6    0.053           16000               0              34              -2             -24               0          4.8840         -0.0788;
     7    0.062           16000               0              44              -2             -34               0          4.8840         -0.1380;
     8    0.071           16000               0              56              -2             -44               0          4.8840         -0.1313;
     9    0.080           16000               0              70              -3             -57               0          4.8840         -0.1279;
    10    0.089           16000               0              85              -3             -70               0          4.8840         -0.1502;
    11    0.097           16000               0             101              -3             -86               0          4.8840         -0.1499;
    12    0.106           16000               0             119              -3            -102               0          4.8840         -0.1499;
    13    0.115           16000               0             139              -3            -120               0          4.8840         -0.1499;
    14    0.124           16000               0             160              -3            -139               0          4.8840         -0.1499;
    15    0.133           16000               0             183              -3            -160               0          4.8840         -0.1496;
    16    0.142           16000               0             208              -2            -182               0          4.8840         -0.0400;
    17    0.151           16000               0             234              -2            -206               0          4.8840         -0.2927;
    18    0.159           16000               0             261              -2            -231               0          4.8840         -0.0400;
    19    0.168           16000               0             290              -2            -258               0          4.8840         -0.1578;
    20    0.177           16000               0             320              -3            -285               0          4.8840         -0.0931;
    21    0.186           16000               0             352              -2            -314               0          4.8840         -0.2756;
    22    0.195           16000               0             386              -2            -345               0          4.8840         -0.0229;
    23    0.204           16000               0             422              -3            -377               0          4.8840         -0.2756;
    24    0.213           16000               0             458              -2            -410               0          4.8840         -0.1575;
    25    0.221           16000               0             496              -2            -444               0          4.8840         -0.1575;
    26    0.230           16000               0             536              -2            -480               0          4.8840         -0.1575;
    27    0.239           16000               0             577              -2            -518               0          4.8840         -0.1575;
    28    0.248           16000               0             620              -2            -556               0          4.8840         -0.1572;
    29    0.257           16000               0             664              -2            -596               0          4.8840         -0.1572;
    30    0.266           16000               0             710              -2            -638               0          4.8840         -0.1572;
    31    0.274           16000               0             757              -2            -680               0          4.8840         -0.1572;
    32    0.283           16000               0             805              -2            -724               0          4.8840         -0.1572;
    33    0.292           16000               0             856              -2            -770               0          4.8840         -0.1569;
    34    0.301           16000               0             909              -2            -817               0          4.8840         -0.1569;
    35    0.310           16000               0             962              -2            -865               0          4.8840         -0.1569;
    36    0.319           16000               0            1017              -2            -914               0          4.8840         -0.1569;
    37    0.328           16000               0            1074              -2            -965               0          4.8840         -0.1569;
    38    0.336           16000               0            1132              -2           -1018               0          4.8840         -0.1569;
    39    0.345           16000               0            1191              -2           -1071               0          4.8840         -0.1566;
    40    0.354           16000               0            1253              -2           -1126               0          4.8840         -0.1566;
    41    0.363           16000               0            1315              -2           -1182               0          4.8840         -0.1566;
    42    0.372           16000               0            1379              -2           -1239               0          4.8840         -0.1566;
    43    0.381           16000               0            1445              -2           -1298               0          4.8840         -0.1566;
    44    0.390           16000               0            1511              -2           -1358               0          4.8840         -0.1563;
    45    0.398           16000               0            1581              -2           -1420               0          4.8840         -0.1563;
    46    0.407           16000               0            1651              -2           -1483               0          4.8840         -0.1563;
    47    0.416           16000               0            1723              -2           -1547               0          4.8840         -0.1563;
    48    0.425           16000               0            1796              -2           -1613               0          4.8840         -0.1563;
    49    0.434           16000               0            1870              -2           -1679               0          4.8840         -0.1563;
    50    0.443           16000               0            1947              -2           -1747               0          4.8840         -0.1560;
    51    0.452           16000               0            2024              -2           -1817               0          4.8840         -0.1560;
    52    0.460           16000               0            2104              -2           -1887               0          4.8840         -0.1560;
    53    0.469           16000               0            2185              -2           -1960               0          4.8840         -0.1560;
    54    0.478           16000               0            2268              -2           -2033               0          4.8840         -0.1560;
    55    0.487           16000               0            2351              -2           -2108               0          4.8840         -0.1560;
    56    0.496           16000               0            2437              -2           -2184               0          4.8840         -0.1557;
    57    0.505           16000               0            2523              -2           -2261               0          4.8840         -0.1557;
    58    0.514           16000               0            2612              -2           -2339               0          4.8840         -0.1557;
    59    0.522           16000               0            2702              -2           -2419               0          4.8840         -0.1557;
    60    0.531           16000               0            2794              -2           -2500               0          4.8840         -0.1557;
    61    0.540           16000               0            2887              -2           -2582               0          4.8840         -0.1554;
    62    0.549           16000               0            2982              -2           -2665               0          4.8840         -0.1554;
    63    0.558           16000               0            3079              -2           -2750               0          4.8840         -0.1554;
    64    0.567           16000               0            3175              -2           -2835               0          4.8840         -0.1554;
    65    0.576           16000               0            3275              -2           -2922               0          4.8840         -0.1554;
    66    0.584           16000               0            3376              -2           -3010               0          4.8840         -0.1554;
    67    0.593           16000               0            3478              -2           -3099               0          4.8840         -0.2225;
    68    0.602           16000               0            3582              -1           -3190               0          4.8840         -0.1676;
    69    0.611           16000               0            3686              -2           -3282               0          4.8840         -0.0925;
    70    0.620           16000               0            3793              -2           -3374               0          4.8840         -0.2897;
    71    0.629           16000               0            3901              -2           -3468               0          4.8840         -0.0372;
    72    0.638           16000               0            4010              -2           -3563               0          4.8840         -0.0372;
    73    0.646           16000               0            4121              -2           -3659               0          4.8840         -0.1551;
    74    0.655           16000               0            4234              -2           -3757               0          4.8840         -0.1548;
    75    0.664           16000               0            4346              -2           -3855               0          4.8840         -0.1548;
    76    0.673           16000               0            4462              -1           -3955               0          4.8840         -0.2894;
    77    0.682           16000               0            4580              -1           -4057               0          4.8840         -0.0369;
    78    0.691           16000               0            4698              -1           -4159               0          4.8840         -0.2894;
    79    0.699           16000               0            4818              -1           -4262               0          4.8840         -0.0369;
    80    0.708           16000               0            4940              -2           -4367               0          4.8840         -0.0366;
    81    0.717           16000               0            5064              -1           -4474               0          4.8840         -0.2894;
    82    0.726           16000               0            5187              -1           -4581               0          4.8840         -0.1712;
    83    0.735           16000               0            5314              -1           -4689               0          4.8840         -0.1712;
    84    0.744           16000               0            5442              -2           -4798               0          4.8840         -0.0366;
    85    0.753           16000               0            5571              -2           -4910               0          4.8840         -0.1545;
    86    0.761           16000               0            5702              -1           -5021               0          4.8840         -0.1545;
    87    0.770           16000               0            5834              -1           -5134               0          4.8840         -0.2891;
    88    0.779           16000               0            5967              -1           -5249               0          4.8840         -0.1712;
    89    0.788           16000               0            6103              -1           -5364               0          4.8840         -0.1712;
    90    0.797           16000               0            6239              -1           -5481               0          4.8840         -0.1712;
    91    0.806           16000               0            6376              -2           -5599               0          4.8840         -0.1712;
    92    0.815           16000               0            6515              -1           -5718               0          4.8840         -0.2891;
    93    0.823           16000               0            6655              -1           -5838               0          4.8840         -0.0363;
    94    0.832           16000               0            6798              -1           -5960               0          4.8840         -0.2888;
    95    0.841           16000               0            6943              -1           -6082               0          4.8840         -0.1709;
    96    0.850           16000               0            7088              -1           -6206               0          4.8840         -0.1709;
    97    0.859           16000               0            7234              -1           -6331               0          4.8840         -0.1709;
    98    0.868           16000               0            7382              -2           -6458               0          4.8840         -0.1709;
    99    0.877           16000               0            7531              -1           -6586               0          4.8840         -0.0363;
   100    0.885           16000               0            7683              -2           -6715               0          4.8840         -0.0363;
   101    0.894           16000               0            7835              -1           -6845               0          4.8840         -0.2888;
   102    0.903           16000               0            7989              -1           -6977               0          4.8840         -0.1709;
   103    0.912           16000               0            8145              -1           -7110               0          4.8840         -0.1706;
   104    0.921           16000               0            8303              -1           -7245               0          4.8840         -0.1706;
   105    0.930           16000               0            8461              -1           -7380               0          4.8840         -0.1706;
   106    0.939           16000               0            8621              -1           -7517               0          4.8840         -0.1706;
   107    0.947           16000               0            8783              -1           -7655               0          4.8840         -0.1706;
   108    0.956           16000               0            8946              -0           -7795               0          4.8840         -0.2506;
   109    0.965           16000               0            9111              -0           -7935               0          4.8840         -0.1932;
   110    0.974           16000               0            9277              -1           -8078               0          4.8840         -0.1990;
   111    0.983           16000               0            9445              -1           -8221               0          4.8840         -0.0748;
   112    0.992           16000               0            9615              -1           -8366               0          4.8840         -0.1706;
   113    1.001           16000               0            9785              -1           -8512               0          4.8840         -0.1706;
   114    1.009          -16000               0            9954              -1           -8659               0         -4.8840         -0.1706;
   115    1.018          -16000               0           10125               0           -8806               0         -4.8840         -0.1706;
   116    1.027          -16000               0           10293               0           -8952               0         -4.8840         -0.1874;
   117    1.036          -16000               0           10460               1           -9095               0         -4.8840         -0.2717;
   118    1.045          -16000               0           10625               2           -9238               0         -4.8840         -0.2567;
   119    1.054          -16000               0           10788               2           -9378               0         -4.8840         -0.2979;
   120    1.063          -16000               0           10950               3           -9517               0         -4.8840         -0.2811;
   121    1.071          -16000               0           11110               3           -9654               0         -4.8840         -0.3007;
   122    1.080          -16000               0           11269               4           -9789               0         -4.8840         -0.2756;
   123    1.089          -16000               0           11427               4           -9922               0         -4.8840         -0.2924;
   124    1.098          -16000               0           11582               4          -10054               0         -4.8840         -0.2964;
   125    1.107          -16000               0           11735               4          -10184               0         -4.8840         -0.2634;
   126    1.116          -16000               0           11886               3          -10312               0         -4.8840         -0.2634;
   127    1.124          -16000               0           12036               3          -10438               0         -4.8840         -0.0659;
   128    1.133          -16000               0           12183               3          -10563               0         -4.8840         -0.2393;
   129    1.142          -16000               0           12328               3          -10686               0         -4.8840         -0.2393;
   130    1.151          -16000               0           12471               3          -10807               0         -4.8840         -0.2393;
   131    1.160          -16000               0           12613               4          -10927               0         -4.8840         -0.2396;
   132    1.169          -16000               0           12753               3          -11046               0         -4.8840         -0.1218;
   133    1.178          -16000               0           12891               3          -11162               0         -4.8840         -0.3745;
   134    1.186          -16000               0           13027               3          -11277               0         -4.8840         -0.1221;
   135    1.195          -16000               0           13162               3          -11390               0         -4.8840         -0.3748;
   136    1.204          -16000               0           13295               4          -11501               0         -4.8840         -0.3752;
   137    1.213          -16000               0           13426               3          -11611               0         -4.8840         -0.1227;
   138    1.222          -16000               0           13556               3          -11719               0         -4.8840         -0.2405;
   139    1.231          -16000               0           13683               3          -11826               0         -4.8840         -0.2408;
   140    1.240          -16000               0           13809               3          -11930               0         -4.8840         -0.2408;
   141    1.248          -16000               0           13933               3          -12034               0         -4.8840         -0.2411;
   142    1.257          -16000               0           14054               3          -12135               0         -4.8840         -0.2411;
   143    1.266          -16000               0           14174               3          -12235               0         -4.8840         -0.2411;
   144    1.275          -16000               0           14292               3          -12333               0         -4.8840         -0.2415;
   145    1.284          -16000               0           14408               3          -12429               0         -4.8840         -0.2415;
   146    1.293          -16000               0           14522               3          -12524               0         -4.8840         -0.2418;
   147    1.302          -16000               0           14634               3          -12617               0         -4.8840         -0.2418;
   148    1.310          -16000               0           14744               3          -12709               0         -4.8840         -0.2421;
   149    1.319          -16000               0           14852               3          -12798               0         -4.8840         -0.2421;
   150    1.328          -16000               0           14959               3          -12886               0         -4.8840         -0.2421;
   151    1.337          -16000               0           15063               3          -12973               0         -4.8840         -0.2424;
   152    1.346          -16000               0           15167               3          -13058               0         -4.8840         -0.2424;
   153    1.355          -16000               0           15267               3          -13141               0         -4.8840         -0.2427;
   154    1.364          -16000               0           15366               2          -13222               0         -4.8840         -0.1712;
   155    1.372          -16000               0           15464               2          -13302               0         -4.8840         -0.2256;
   156    1.381          -16000               0           15559               3          -13379               0         -4.8840         -0.3165;
   157    1.390          -16000               0           15653               3          -13456               0         -4.8840         -0.2430;
   158    1.399          -16000               0           15744               3          -13531               0         -4.8840         -0.2433;
   159    1.408          -16000               0           15834               3          -13604               0         -4.8840         -0.1087;
   160    1.417          -16000               0           15922               2          -13675               0         -4.8840         -0.1090;
   161    1.426          -16000               0           16008               2          -13745               0         -4.8840         -0.3614;
   162    1.434          -16000               0           16092               3          -13813               0         -4.8840         -0.1090;
   163    1.443          -16000               0           16174               2          -13879               0         -4.8840         -0.3617;
   164    1.452          -16000               0           16254               3          -13945               0         -4.8840         -0.3617;
   165    1.461          -16000               0           16333               2          -14008               0         -4.8840         -0.1093;
   166    1.470          -16000               0           16409               2          -14070               0         -4.8840         -0.3620;
   167    1.479          -16000               0           16484               2          -14130               0         -4.8840         -0.1096;
   168    1.488          -16000               0           16557               2          -14188               0         -4.8840         -0.2277;
   169    1.496          -16000               0           16628               2          -14245               0         -4.8840         -0.2277;
   170    1.505          -16000               0           16697               2          -14300               0         -4.8840         -0.2277;
   171    1.514          -16000               0           16765               2          -14354               0         -4.8840         -0.2277;
   172    1.523          -16000               0           16830               2          -14405               0         -4.8840         -0.2280;
   173    1.532          -16000               0           16893               2          -14455               0         -4.8840         -0.2280;
   174    1.541          -16000               0           16955               2          -14503               0         -4.8840         -0.2280;
   175    1.549          -16000               0           17015               2          -14550               0         -4.8840         -0.2283;
   176    1.558          -16000               0           17072               2          -14595               0         -4.8840         -0.2283;
   177    1.567          -16000               0           17129               2          -14638               0         -4.8840         -0.2283;
   178    1.576          -16000               0           17182               2          -14679               0         -4.8840         -0.2286;
   179    1.585          -16000               0           17234               2          -14718               0         -4.8840         -0.2286;
   180    1.594          -16000               0           17285               2          -14756               0         -4.8840         -0.2286;
   181    1.603          -16000               0           17333               2          -14793               0         -4.8840         -0.2289;
   182    1.611          -16000               0           17379               2          -14827               0         -4.8840         -0.2289;
   183    1.620          -16000               0           17424               2          -14859               0         -4.8840         -0.2289;
   184    1.629          -16000               0           17467               2          -14890               0         -4.8840         -0.2292;
   185    1.638          -16000               0           17507               2          -14919               0         -4.8840         -0.2292;
   186    1.647          -16000               0           17545               2          -14947               0         -4.8840         -0.2292;
   187    1.656          -16000               0           17582               2          -14973               0         -4.8840         -0.1578;
   188    1.665          -16000               0           17618               1          -14997               0         -4.8840         -0.0949;
   189    1.673          -16000               0           17651               2          -15019               0         -4.8840         -0.3474;
   190    1.682          -16000               0           17682               2          -15040               0         -4.8840         -0.0949;
   191    1.691          -16000               0           17711               2          -15059               0         -4.8840         -0.3477;
   192    1.700          -16000               0           17738               2          -15077               0         -4.8840         -0.2299;
   193    1.709          -16000               0           17764               2          -15092               0         -4.8840         -0.2299;
   194    1.718          -16000               0           17788               2          -15106               0         -4.8840         -0.2299;
   195    1.727          -16000               0           17810               2          -15118               0         -4.8840         -0.2302;
   196    1.735          -16000               0           17830               1          -15129               0         -4.8840         -0.0955;
   197    1.744          -16000               0           17847               2          -15138               0         -4.8840         -0.3480;
   198    1.753          -16000               0           17863               2          -15145               0         -4.8840         -0.0955;
   199    1.762          -16000               0           17877               2          -15150               0         -4.8840         -0.3483;
   200    1.771          -16000               0           17890               2          -15154               0         -4.8840         -0.3483;
   201    1.780          -16000               0           17900               2          -15155               0         -4.8840         -0.2305;
   202    1.789          -16000               0           17909               2          -15156               0         -4.8840         -0.2308;
   203    1.797          -16000               0           17915               2          -15156               0         -4.8840         -0.2308;
   204    1.806          -16000               0           17920               2          -15152               0         -4.8840         -0.3486;
   205    1.815          -16000               0           17923               2          -15147               0         -4.8840         -0.0962;
   206    1.824          -16000               0           17924               1          -15140               0         -4.8840         -0.3489;
   207    1.833          -16000               0           17923               2          -15132               0         -4.8840         -0.0965;
   208    1.842          -16000               0           17921               1          -15123               0         -4.8840         -0.0965;
   209    1.851          -16000               0           17916               2          -15111               0         -4.8840         -0.3492;
   210    1.859          -16000               0           17910               2          -15098               0         -4.8840         -0.0965;
   211    1.868          -16000               0           17903               1          -15083               0         -4.8840         -0.3492;
   212    1.877          -16000               0           17893               2          -15067               0         -4.8840         -0.3492;
   213    1.886          -16000               0           17882               2          -15050               0         -4.8840         -0.0968;
   214    1.895          -16000               0           17870               1          -15031               0         -4.8840         -0.3495;
   215    1.904          -16000               0           17856               1          -15011               0         -4.8840         -0.0971;
   216    1.913          -16000               0           17840               1          -14989               0         -4.8840         -0.0971;
   217    1.921          -16000               0           17823               1          -14967               0         -4.8840         -0.2149;
   218    1.930          -16000               0           17805               1          -14942               0         -4.8840         -0.2152;
   219    1.939          -16000               0           17784               1          -14916               0         -4.8840         -0.2152;
   220    1.948          -16000               0           17763               1          -14889               0         -4.8840         -0.2152;
   221    1.957          -16000               0           17739               1          -14861               0         -4.8840         -0.2152;
   222    1.966          -16000               0           17714               1          -14831               0         -4.8840         -0.2152;
   223    1.974          -16000               0           17688               1          -14800               0         -4.8840         -0.3501;
   224    1.983          -16000               0           17661               2          -14768               0         -4.8840         -0.3501;
   225    1.992          -16000               0           17632               1          -14735               0         -4.8840         -0.0977;
